SEG_CLASSES:
  # - background: 0 # 17.30636391
  - sky: 4.4286523
  - building: 3.443227
  - pole: 9.627174
  - road: 2.9082294
  - pavement: 6.9883366
  - tree: 5.2119217
  - signsymbol: 9.490196
  - fence: 9.150478
  - car: 7.1654587
  - pedestrian: 9.888601
  - bicyclist: 7.5455384