SEG_CLASSES:
  - background: 1
  - road: 1.4705521
  - sidewalk: 9.505282
  - building: 10.492059
  - wall: 10.492059
  - fence: 10.492059
  - pole: 10.492059
  - traffic light: 10.492059
  - traffic sign: 10.492059
  - vegetation : 10.492059
  - terrain: 10.492059
  - sky: 10.492059
  - person: 10.492059
  - rider: 10.492059
  - car: 10.492059
  - truck: 10.492059
  - bus: 10.492059
  - train: 10.492059
  - motorcycle: 10.492059
  - bicycle: 5.131664